 

stn    time           wkcap2d0  wkcap3d0  wkcap1d0  wkwtg1d0  wkwtp1d0  wkwtg2d0  wkwtp2d0  wkwtg3d0  wkwtp3d0  wkwtg0d0
RHW    20240501              7        19         7         7         8         7         8         7         8         7
RHW    20240502             14        19         7         8         2         8         2         8         2         7
RHW    20240503              1        10         2         6         3         6        11         6        11         7
RHW    20240504              1         1         1         2         3        10        11        18        11         2
RHW    20240505             11         4         2         1         1         9         9         9         9         1
RHW    20240506              7         6         2         2         1        10         9        10        17         2
RHW    20240507              1         3         1         2         5         2         5         2         5         7
RHW    20240508              3         9         4         5         5         5         5         5         5         5
RHW    20240509              3         9         4         4         6        12        14        12        14         5
RHW    20240510              3         9         4         4         6        12        14        12        22         4
RHW    20240511              2         2         4         4         6        12        14        12        14         4
RHW    20240512              6         1         3         3         8        11         8        11         8         1
RHW    20240513              4         4         2         3         8        11        16        19        16         2
RHW    20240514              7        19         2         2         8        10        16        18        24         8
RHW    20240515              7        19         7         8         8        16         8        24         8         8
RHW    20240516              7        19         7         8         8         8         8         8         8         8
RHW    20240517              7         6         2         2         2         2         2         2         2         1
RHW    20240518              7         4         2         2         2         2         2        18         2         2
RHW    20240519              7         6         2         2         2         2        10        18        10         2
RHW    20240520              7        14         6         2         7        10         7        18         7         2
RHW    20240521              8         6         6         8         9         8        17         8        25         8
RHW    20240522              1         4         2         2         3         2        11         2        19         2
RHW    20240523              4         1         1         2         3         2         3         2         3         8
RHW    20240524              2         1         3         2         1         2         1         2         1         2
RHW    20240525              2         1         1         2         5         2        13         2        13         2
RHW    20240526              2         1         3         1         2         9        10        17        10         1
RHW    20240527              2         1         3         2         1        10         9        10         9         2
RHW    20240528              2         5         1         1         5         1        13        17        13         1
RHW    20240529              1         4         2         1         3         9        11        17        11         1
RHW    20240530              8        15         7         1         3         1         3        17         3         1
RHW    20240531              8         6         6         9         4        17         4        25         4         5
RHW    20240601              1         3         1         1         3         1         3         1         3         6
RHW    20240602              2         5         1         8         4         8         4         8         4         6
RHW    20240603              9         3         1         9         5        17         5        25         5         5
RHW    20240604              1         3         2         1         1         9         9         9         9         1
RHW    20240605              1         1         2         1         1         9         9         9         9         1
RHW    20240606              2         1         3         1         1         9         9         9         9         1
RHW    20240607              2         1         3         1         4         9        12         9        12         1
RHW    20240608              1         4         2         1         2         9        10         9        10         1
RHW    20240609              8         6         6         2         7        10         7        10         7         2
RHW    20240610              8        15         7         1         3         9         3        17         3         1
RHW    20240611              1         3         1         2         5         2         5        18         5         1
RHW    20240612              9         3         1         2         5         2         5         2        21         2
RHW    20240613              2         1         1         1         5         1        13         1        21         3
RHW    20240614              4         4         2         1         2         9        10         9        10         1
RHW    20240615              7         6         2         2         1        10         9        18         9         2
RHW    20240616              7         6         2         1         1         9         9        17         9         1
RHW    20240617              4         1         2         1         2         9        10         9        10         2
RHW    20240618              4         1         2         2         2        10        10        10        10         2
RHW    20240619              1         1         1         2         4        10        12        10        12         2
RHW    20240620              6         2         3         2         7        10        15        10        15         2
RHW    20240621              1         1         2         2         1        10         9        10         9         8
RHW    20240622              1         3         1         2         4         2         4         2        20         2
RHW    20240623              9        22         1         9         5        17        13        25        13         6
RHW    20240624              6         7         1         6         6         6         6         6         6         6
RHW    20240625              6        14         1         7         7         7         7         7         7         6
RHW    20240626              7         4         2         9         2        17         2        25        18         5
RHW    20240627              7         6         2         3         1         3         9         3         9         3
RHW    20240628              1         1         1         1         4         9        12         9        12         1
RHW    20240629              4         4         2         2         8        10        16        10        16         2
RHW    20240630              8         6         2         2         3         2         3         2        19         2
RHW    20240701              1         3         1         1         4         1         4        17         4         1
RHW    20240702             13        10         6         3         5        11        13        11        13         3
RHW    20240703              8         6         6         1         5         1        13         1        21         1
RHW    20240704              8         6         6         1         3         9        11         9        11         1
RHW    20240705              4         4         2         1         2         9        10         9        10         1
RHW    20240706             11        21         7         2         1        10         9        10         9         2
RHW    20240707              1         3         1         2         6        10        14        18        14         2
RHW    20240708              6         1         1         2         6        10        14        10        14         2
RHW    20240709              6         1         1         2         8        10        16        10        16         2
RHW    20240710              1         1         1         2         4        10        12        10        12         2
RHW    20240711              6         1         1         1         5         9        13         9        13         2
RHW    20240712              1         6         2         2         3        10         3        10        19         2
RHW    20240713              1         3         6         2         5        10         5        18        21         2
RHW    20240714              1         3         2         1         5         9        13         9        13         1
RHW    20240715              7         4         2         2         2        10        10        10        10         2
RHW    20240716              1         3         1         2         4        10        12        10        12         2
RHW    20240717              2         5         4         1         5         9        13        17        13         1
RHW    20240718              2         2         4         1         6         9        14         9        22         1
RHW    20240719              6         7         1         1         6         9        14        17        22         2
RHW    20240720              7         6         6         1        10         1        18         1        26         3
RHW    20240721              8         6         6         2         3        10        11        10        11         2
RHW    20240722              1         3         1         3         5        11        13        11        13         3
RHW    20240723              2         5         1         1         5         9        13         9        13         1
RHW    20240724              9         3         1         3         5        11        13        19        13         3
RHW    20240725              1         3         1         3         6        11        14        11        14         3
RHW    20240726              1         4         2         1        10         9        18         9        26         1
RHW    20240727              4         1         1         1         2         9        10         9        10         2
RHW    20240728              3         9         4         1         5         9        13         9        13         1
RHW    20240729              3         9         4         3         6        11        14        11        14         3
RHW    20240730              6         1         1         3         7        11        15        11        15         1
RHW    20240731              1         3         1         1        10         9        18         9        26         1
RHW    20240801              1         6         6         1         4         9        12        17        12         1
RHW    20240802              8         6         6         1         5         1        13        17        13         1
RHW    20240803             13        10         6         3         5        11        13        11        13         3
RHW    20240804              1         3         1         3         5         3        13        19        13         3
RHW    20240805              1         3         1         3         5        11        13        11        13         3
RHW    20240806              7         4         2         1         7         9        15         9        15         1
RHW    20240807              1         3         2         1         4         9        12         9        12         1
RHW    20240808              1         3         1         1         5         9        13        17        13         1
RHW    20240809              2         1         1         3        10        11        18        11        26         3
RHW    20240810              2         2         4         1         5         9        13         9        13         1
RHW    20240811              2         2         4         1         6         9        14         9        14         2
RHW    20240812              1         4         2         2         8        10        16        10        16         2
RHW    20240813              7        14         6         2         7        10        15        10        15         2
RHW    20240814              1         3         2         2         6        10        14        18        14         2
RHW    20240815              2         1         1         2         5        10        13        10        13         2
RHW    20240816              1         1         1         2         4        10        12        10        12         2
RHW    20240817              1         3         2         2         4        10        12        18        12         2
RHW    20240818              8        10         6         2         4         2         4         2         4         8
RHW    20240819             13        22         1         6         5         6        13         6        13         5
RHW    20240820              1         3         6         3         6        11        14        11        14         1
RHW    20240821              1         3         1         1         5         9        13         9        13         1
RHW    20240822              1         3         2         1        10         9        18         9        26         1
RHW    20240823              1         4         2         1         1         9         9         9         9         1
RHW    20240824              4         4         2         2         2        10        10        10        10         2
RHW    20240825              9         5         4         2         5        10        13        10        13         2
RHW    20240826              9         5         4         2         6        10        14        10        14         2
RHW    20240827              6         7         4         7         6         7        14         7        14         5
RHW    20240828              6         1         3         7         7        15        15        15        15         3
RHW    20240829              2         1         1        10        10        18        18        26        26         1
RHW    20240830              2         7         1        10         5        18        13        26        13         2
RHW    20240831              6         7         4        10         6        18        14        26        14         8
RHW    20240901              6         7         1        10         6        18        14        26        14         8
RHW    20240902              1         3         2         2        10         2        18        18        26         2
RHW    20240903              1         1         1         2        10        10        18        10        26         2
RHW    20240904              1         3         1         8         6        16        14        16        14         8
RHW    20240905              7        14         6         8         8         8         8         8         8         7
RHW    20240906              7         4         2         2         8         2        16         2        16         2
RHW    20240907              7         4         2         2         8        10        16        10        16         2
RHW    20240908              7         4         2         2         2        10        10        10        10         2
RHW    20240909             16        15         7         1         3         1         3         1         3         1
RHW    20240910              8        10         6         3         4        11        12        11        12         3
RHW    20240911              8         6         6         1         3         9         3         9         3         1
RHW    20240912             13        10         6         2         5         2         5         2         5         2
RHW    20240913              9        22         1         9         5        17         5        25         5         5
RHW    20240914              9         5         4         4         5         4        13         4        13         4
RHW    20240915              9         5         1         4         5         4        13         4        21         4
RHW    20240916              9        22         1         5         5         5         5         5         5         5
RHW    20240917              3         9         4         6         6         6         6         6         6         5
RHW    20240918              3         9         4         6         6         6         6         6         6         6
RHW    20240919              6         7         4         6         6         6         6         6         6         4
RHW    20240920              5         2         4         7         7         7        15         7        23         8
RHW    20240921              5         2         3         2         7         2        15         2        15         2
RHW    20240922              4         1         3         2         8        10        16        10        16         2
RHW    20240923              7         4         2         2         2        10        10        18        10         2
RHW    20240924             11        21         2         2         1         2         9         2         9         1
RHW    20240925             11         4         2         1         2         9        10        17        10         1
RHW    20240926             14        24         7         1         2         9        10         9        10         2
RHW    20240927             14        19         7         2         1        10         9        18        17         2
RHW    20240928              9         5         1         2         4         2         4         2         4         1
RHW    20240929              3         8         5         3         6         3        14         3        14         3
RHW    20240930              4        17         3         1         2         1        10        17        10         1
RHW    20241001              4         4         2         1         2         9        10        17        10         1
RHW    20241002              8         6         6         1         9         1        17         1        25         1
RHW    20241003             13        23         6         2         6         2         6         2         6         8
RHW    20241004             13        22         1         9         5        17         5        25         5         5
RHW    20241005              6         3         1         9         6        17         6        25         6         4
RHW    20241006              7         4         2         3         2         3        10        19        10         3
RHW    20241007             11        21         2         1         2         9        10         9        10         2
RHW    20241008             14        19         7         2         2        10         2        18         2         2
RHW    20241009             14        24         9         1         2         9        10         9        10         2
RHW    20241010             16        15         9         2         3         2         3        18         3         2
RHW    20241011              1         3         1         1         5         1        13         1        13         1
RHW    20241012              4        17         3         1         8         9        16         9        16         1
RHW    20241013              2         1         1         1         3         9        11         9        11         1
RHW    20241014              2         2         3         1         2         9        10         9        10         1
RHW    20241015              5         2         4         1         7         9        15         9        15         1
RHW    20241016              5        17         3         2         8        10        16        10        16         8
RHW    20241017              4        17         3         2         8        10        16        10        16         8
RHW    20241018              4        17         3         8         8         8         8        24         8         7
RHW    20241019              6         7         3         8         7        16        15        16        15         8
RHW    20241020              5         8         5        10         8        18        16        26        16         1
RHW    20241021             10        12         5         2         8        10        16        10        16         2
RHW    20241022             10        12         5         2         4        10        12        10        12         2
RHW    20241023             17        18         8         2         6         2         6         2        22         1
RHW    20241024             10        12         5         2         8         2        16         2        16         2
RHW    20241025              5         8         3         2         8        10        16        18        16         2
RHW    20241026              5         2         3         2         8        10        16        10        16         8
RHW    20241027              5        11         3         2        10        10        18        10        26         2
RHW    20241028             10        12         5         1        10         9        18         9        26         1
RHW    20241029             10        12         5         3        10        11        18        11        26         3
RHW    20241030             10        16         5         4         6        12        14        20        14         4
RHW    20241031             10         8         5         5         6        13        14        13        14         6

